Solution: 346.00
x_0_89: 1.000000 (89 8.500000)
x_3_77: 1.000000 (386 4.000000)
x_5_83: 1.000000 (598 8.000000)
x_9_81: 1.000000 (1008 6.000000)
x_11_63: 1.000000 (1196 11.000000)
x_16_61: 1.000000 (1709 6.000000)
x_19_11: 1.000000 (1968 10.000000)
x_20_66: 1.000000 (2126 12.000000)
x_28_102: 1.000000 (2986 8.500000)
x_32_20: 1.000000 (3316 14.000000)
x_34_78: 1.000000 (3580 7.000000)
x_35_71: 1.000000 (3676 9.000000)
x_36_49: 1.000000 (3757 12.000000)
x_37_100: 1.000000 (3911 4.000000)
x_47_36: 1.000000 (4877 10.000000)
x_48_47: 1.000000 (4991 9.000000)
x_49_64: 1.000000 (5111 18.000000)
x_59_93: 1.000000 (6170 3.000000)
x_61_84: 1.000000 (6367 8.000000)
x_63_90: 1.000000 (6579 6.000000)
x_64_19: 1.000000 (6611 17.000000)
x_65_35: 1.000000 (6730 13.000000)
x_66_65: 1.000000 (6863 17.000000)
x_68_80: 1.000000 (7084 2.000000)
x_71_9: 1.000000 (7322 10.000000)
x_77_68: 1.000000 (7999 7.000000)
x_78_79: 1.000000 (8113 8.000000)
x_79_3: 1.000000 (8140 5.000000)
x_80_28: 1.000000 (8268 15.000000)
x_81_34: 1.000000 (8377 11.000000)
x_82_48: 1.000000 (8494 7.000000)
x_83_82: 1.000000 (8631 11.000000)
x_84_5: 1.000000 (8657 5.000000)
x_85_98: 1.000000 (8853 4.000000)
x_89_94: 1.000000 (9261 8.000000)
x_90_32: 1.000000 (9302 6.000000)
x_91_16: 1.000000 (9389 6.000000)
x_93_85: 1.000000 (9664 4.000000)
x_94_96: 1.000000 (9778 4.000000)
x_96_99: 1.000000 (9987 3.000000)
x_98_37: 1.000000 (10131 2.000000)
x_99_59: 1.000000 (10256 3.000000)
x_100_91: 1.000000 (10391 4.000000)
y_0_8: 1.000000 (10617 46.572524)
y_0_10: 1.000000 (10619 46.270941)
y_0_13: 1.000000 (10622 24.515301)
y_0_15: 1.000000 (10624 64.195015)
y_0_17: 1.000000 (10626 56.753854)
y_0_21: 1.000000 (10630 42.201896)
y_0_25: 1.000000 (10634 73.355300)
y_0_38: 1.000000 (10647 84.386018)
y_0_39: 1.000000 (10648 74.330344)
y_0_51: 1.000000 (10660 53.413481)
y_0_54: 1.000000 (10663 51.546096)
y_0_86: 1.000000 (10695 68.505474)
y_1_1: 1.000000 (10713 29.410882)
y_1_7: 1.000000 (10719 36.069378)
y_1_12: 1.000000 (10724 35.227830)
y_1_14: 1.000000 (10726 64.350602)
y_1_22: 1.000000 (10734 59.506302)
y_1_41: 1.000000 (10753 62.936476)
y_1_42: 1.000000 (10754 52.810984)
y_1_45: 1.000000 (10757 53.037722)
y_1_50: 1.000000 (10762 35.227830)
y_1_56: 1.000000 (10768 64.660653)
y_1_57: 1.000000 (10769 50.009999)
y_1_60: 1.000000 (10772 31.575307)
y_1_70: 1.000000 (10782 39.051248)
y_1_95: 1.000000 (10807 30.016662)
y_1_97: 1.000000 (10809 35.341194)
y_1_101: 1.000000 (10813 6.403124)
y_2_2: 1.000000 (10817 40.311289)
y_2_4: 1.000000 (10819 56.400355)
y_2_6: 1.000000 (10821 20.518285)
y_2_18: 1.000000 (10833 25.709920)
y_2_24: 1.000000 (10839 65.122961)
y_2_29: 1.000000 (10844 63.788714)
y_2_33: 1.000000 (10848 50.803543)
y_2_43: 1.000000 (10858 70.604532)
y_2_44: 1.000000 (10859 62.968246)
y_2_46: 1.000000 (10861 64.845971)
y_2_67: 1.000000 (10882 94.111636)
y_2_87: 1.000000 (10902 39.051248)
y_2_92: 1.000000 (10907 36.619667)
y_3_23: 1.000000 (10941 78.236820)
y_3_26: 1.000000 (10944 28.653098)
y_3_27: 1.000000 (10945 7.810250)
y_3_30: 1.000000 (10948 48.383882)
y_3_31: 1.000000 (10949 30.149627)
y_3_40: 1.000000 (10958 28.301943)
y_3_52: 1.000000 (10970 16.278821)
y_3_53: 1.000000 (10971 15.000000)
y_3_55: 1.000000 (10973 67.119297)
y_3_58: 1.000000 (10976 23.086793)
y_3_62: 1.000000 (10980 45.310043)
y_3_69: 1.000000 (10987 21.931712)
y_3_72: 1.000000 (10990 51.039201)
y_3_73: 1.000000 (10991 46.141088)
y_3_74: 1.000000 (10992 55.072679)
y_3_75: 1.000000 (10993 61.587336)
y_3_76: 1.000000 (10994 34.481879)
y_3_88: 1.000000 (11006 32.695565)