Solution: 5290.652473
x_0_48: 1.000000 (48 52.500000)
x_2_30: 1.000000 (138 450.000000)
x_7_2: 1.000000 (380 45.000000)
x_11_12: 1.000000 (606 425.000000)
x_12_25: 1.000000 (673 245.000000)
x_13_14: 1.000000 (716 260.000000)
x_14_52: 1.000000 (808 450.000000)
x_16_27: 1.000000 (891 650.000000)
x_17_42: 1.000000 (960 455.000000)
x_18_17: 1.000000 (989 300.000000)
x_20_50: 1.000000 (1130 40.000000)
x_25_53: 1.000000 (1403 122.500000)
x_27_13: 1.000000 (1471 260.000000)
x_30_20: 1.000000 (1640 265.000000)
x_32_18: 1.000000 (1746 190.000000)
x_36_49: 1.000000 (1993 95.000000)
x_37_36: 1.000000 (2034 85.000000)
x_42_7: 1.000000 (2275 100.000000)
x_48_37: 1.000000 (2629 60.000000)
x_49_32: 1.000000 (2678 70.000000)
x_50_16: 1.000000 (2716 140.000000)
x_52_11: 1.000000 (2819 510.000000)
y_0_1: 1.000000 (2917 585.341781)
y_0_4: 1.000000 (2920 265.753645)
y_0_21: 1.000000 (2937 1140.537154)
y_0_23: 1.000000 (2939 828.024758)
y_0_26: 1.000000 (2942 986.724379)
y_0_28: 1.000000 (2944 867.827748)
y_0_29: 1.000000 (2945 901.179782)
y_0_31: 1.000000 (2947 877.054730)
y_0_34: 1.000000 (2950 315.158690)
y_0_35: 1.000000 (2951 345.579224)
y_0_38: 1.000000 (2954 173.277235)
y_0_39: 1.000000 (2955 292.617498)
y_0_43: 1.000000 (2959 670.913556)
y_0_44: 1.000000 (2960 357.945527)
y_0_45: 1.000000 (2961 760.016447)
y_0_47: 1.000000 (2963 1213.352793)
y_1_3: 1.000000 (2973 1076.812426)
y_1_5: 1.000000 (2975 142.214627)
y_1_6: 1.000000 (2976 156.604598)
y_1_8: 1.000000 (2978 1063.543605)
y_1_9: 1.000000 (2979 1304.003451)
y_1_10: 1.000000 (2980 1166.329713)
y_1_15: 1.000000 (2985 191.637679)
y_1_19: 1.000000 (2989 905.220967)
y_1_22: 1.000000 (2992 675.000000)
y_1_24: 1.000000 (2994 91.787799)
y_1_33: 1.000000 (3003 1290.242225)
y_1_40: 1.000000 (3010 234.360833)
y_1_41: 1.000000 (3011 1071.319280)
y_1_46: 1.000000 (3016 207.424685)
y_1_51: 1.000000 (3021 1004.800975)
