Solution: 736.000000
x_0_89: 1.000000 (89 8.500000)
x_1_50: 1.000000 (153 8.000000)
x_3_79: 1.000000 (388 5.000000)
x_4_54: 1.000000 (466 11.000000)
x_5_84: 1.000000 (599 5.000000)
x_7_88: 1.000000 (809 8.000000)
x_8_46: 1.000000 (870 13.000000)
x_9_51: 1.000000 (978 8.000000)
x_10_62: 1.000000 (1092 8.000000)
x_11_63: 1.000000 (1196 11.000000)
x_12_26: 1.000000 (1262 10.000000)
x_14_43: 1.000000 (1485 15.000000)
x_16_44: 1.000000 (1692 7.000000)
x_17_45: 1.000000 (1796 9.000000)
x_18_83: 1.000000 (1937 9.000000)
x_19_47: 1.000000 (2004 11.000000)
x_20_66: 1.000000 (2126 12.000000)
x_23_39: 1.000000 (2408 12.000000)
x_24_55: 1.000000 (2527 14.000000)
x_25_67: 1.000000 (2642 17.000000)
x_26_40: 1.000000 (2718 10.000000)
x_27_101: 1.000000 (2882 5.000000)
x_28_27: 1.000000 (2911 9.000000)
x_29_24: 1.000000 (3011 8.000000)
x_30_20: 1.000000 (3110 10.000000)
x_31_70: 1.000000 (3263 10.000000)
x_32_90: 1.000000 (3386 6.000000)
x_33_81: 1.000000 (3480 4.000000)
x_34_78: 1.000000 (3580 7.000000)
x_35_34: 1.000000 (3639 12.000000)
x_36_49: 1.000000 (3757 12.000000)
x_38_86: 1.000000 (4000 14.000000)
x_39_56: 1.000000 (4073 7.000000)
x_40_28: 1.000000 (4148 13.000000)
x_43_38: 1.000000 (4467 20.000000)
x_44_14: 1.000000 (4546 8.000000)
x_45_8: 1.000000 (4643 9.000000)
x_46_36: 1.000000 (4774 12.000000)
x_47_48: 1.000000 (4889 9.000000)
x_48_82: 1.000000 (5026 7.000000)
x_49_64: 1.000000 (5111 18.000000)
x_50_76: 1.000000 (5226 7.000000)
x_51_30: 1.000000 (5283 11.000000)
x_52_18: 1.000000 (5374 10.000000)
x_54_80: 1.000000 (5642 9.000000)
x_55_25: 1.000000 (5690 5.000000)
x_56_75: 1.000000 (5843 5.000000)
x_60_5: 1.000000 (6185 6.000000)
x_61_85: 1.000000 (6368 6.000000)
x_62_19: 1.000000 (6405 11.000000)
x_63_32: 1.000000 (6521 8.000000)
x_64_11: 1.000000 (6603 17.000000)
x_65_35: 1.000000 (6730 13.000000)
x_66_71: 1.000000 (6869 13.000000)
x_67_23: 1.000000 (6924 12.000000)
x_68_12: 1.000000 (7016 10.000000)
x_69_1: 1.000000 (7108 6.000000)
x_70_69: 1.000000 (7279 9.000000)
x_71_65: 1.000000 (7378 14.000000)
x_72_4: 1.000000 (7420 12.000000)
x_75_72: 1.000000 (7797 7.000000)
x_76_77: 1.000000 (7905 5.000000)
x_77_3: 1.000000 (7934 4.000000)
x_78_29: 1.000000 (8063 13.000000)
x_79_33: 1.000000 (8170 8.000000)
x_80_68: 1.000000 (8308 2.000000)
x_81_9: 1.000000 (8352 6.000000)
x_82_7: 1.000000 (8453 8.000000)
x_83_60: 1.000000 (8609 6.000000)
x_84_61: 1.000000 (8713 8.000000)
x_85_92: 1.000000 (8847 6.000000)
x_86_17: 1.000000 (8875 13.000000)
x_88_31: 1.000000 (9095 5.000000)
x_89_52: 1.000000 (9219 9.000000)
x_90_10: 1.000000 (9280 8.000000)
x_91_16: 1.000000 (9389 6.000000)
x_92_96: 1.000000 (9572 5.000000)
x_93_100: 1.000000 (9679 6.000000)
x_96_99: 1.000000 (9987 3.000000)
x_99_93: 1.000000 (10290 4.000000)
x_100_91: 1.000000 (10391 4.000000)
x_101_102: 1.000000 (10505 4.500000)
y_0_2: 1.000000 (10611 40.311289)
y_0_6: 1.000000 (10615 20.518285)
y_0_13: 1.000000 (10622 24.515301)
y_0_15: 1.000000 (10624 64.195015)
y_0_21: 1.000000 (10630 42.201896)
y_0_22: 1.000000 (10631 59.506302)
y_0_37: 1.000000 (10646 42.201896)
y_0_41: 1.000000 (10650 62.936476)
y_0_42: 1.000000 (10651 52.810984)
y_0_53: 1.000000 (10662 15.000000)
y_0_57: 1.000000 (10666 50.009999)
y_0_58: 1.000000 (10667 23.086793)
y_0_59: 1.000000 (10668 34.713110)
y_0_73: 1.000000 (10682 46.141088)
y_0_74: 1.000000 (10683 55.072679)
y_0_87: 1.000000 (10696 39.051248)
y_0_94: 1.000000 (10703 23.853721)
y_0_95: 1.000000 (10704 30.016662)
y_0_97: 1.000000 (10706 35.341194)
y_0_98: 1.000000 (10707 41.868843)