Solution: 318.000000
x_0_28: 1.000000 (28 8.500000)
x_9_71: 1.000000 (998 10.000000)
x_11_19: 1.000000 (1152 10.000000)
x_16_91: 1.000000 (1739 6.000000)
x_19_64: 1.000000 (2021 17.000000)
x_20_32: 1.000000 (2092 14.000000)
x_28_80: 1.000000 (2964 15.000000)
x_32_90: 1.000000 (3386 6.000000)
x_34_81: 1.000000 (3583 11.000000)
x_35_65: 1.000000 (3670 13.000000)
x_36_47: 1.000000 (3755 10.000000)
x_47_48: 1.000000 (4889 9.000000)
x_48_84: 1.000000 (5028 23.000000)
x_49_36: 1.000000 (5083 12.000000)
x_63_11: 1.000000 (6500 11.000000)
x_64_49: 1.000000 (6641 18.000000)
x_65_66: 1.000000 (6761 17.000000)
x_66_20: 1.000000 (6818 12.000000)
x_68_79: 1.000000 (7083 10.000000)
x_71_35: 1.000000 (7348 9.000000)
x_78_34: 1.000000 (8068 7.000000)
x_79_78: 1.000000 (8215 8.000000)
x_80_68: 1.000000 (8308 2.000000)
x_81_9: 1.000000 (8352 6.000000)
x_84_16: 1.000000 (8668 12.000000)
x_85_93: 1.000000 (8848 4.000000)
x_89_102: 1.000000 (9269 8.500000)
x_90_63: 1.000000 (9333 6.000000)
x_91_85: 1.000000 (9458 4.000000)
x_93_99: 1.000000 (9678 4.000000)
x_94_89: 1.000000 (9771 8.000000)
x_96_94: 1.000000 (9982 4.000000)
x_99_96: 1.000000 (10293 3.000000)
y_0_23: 1.000000 (10632 78.236820)
y_0_24: 1.000000 (10633 65.122961)
y_0_25: 1.000000 (10634 73.355300)
y_0_26: 1.000000 (10635 28.653098)
y_0_33: 1.000000 (10642 50.803543)
y_0_39: 1.000000 (10648 74.330344)
y_0_52: 1.000000 (10661 16.278821)
y_0_59: 1.000000 (10668 34.713110)
y_0_72: 1.000000 (10681 51.039201)
y_0_75: 1.000000 (10684 61.587336)
y_0_86: 1.000000 (10695 68.505474)
y_0_88: 1.000000 (10697 32.695565)
y_1_4: 1.000000 (10716 56.400355)
y_1_5: 1.000000 (10717 37.696154)
y_1_6: 1.000000 (10718 20.518285)
y_1_10: 1.000000 (10722 46.270941)
y_1_13: 1.000000 (10725 24.515301)
y_1_27: 1.000000 (10739 7.810250)
y_1_38: 1.000000 (10750 84.386018)
y_1_42: 1.000000 (10754 52.810984)
y_1_44: 1.000000 (10756 62.968246)
y_1_53: 1.000000 (10765 15.000000)
y_1_58: 1.000000 (10770 23.086793)
y_1_61: 1.000000 (10773 48.548944)
y_1_77: 1.000000 (10789 42.720019)
y_1_82: 1.000000 (10794 40.311289)
y_1_95: 1.000000 (10807 30.016662)
y_1_98: 1.000000 (10810 41.868843)
y_2_3: 1.000000 (10818 47.759816)
y_2_8: 1.000000 (10823 46.572524)
y_2_12: 1.000000 (10827 35.227830)
y_2_17: 1.000000 (10832 56.753854)
y_2_18: 1.000000 (10833 25.709920)
y_2_21: 1.000000 (10836 42.201896)
y_2_29: 1.000000 (10844 63.788714)
y_2_31: 1.000000 (10846 30.149627)
y_2_40: 1.000000 (10855 28.301943)
y_2_41: 1.000000 (10856 62.936476)
y_2_60: 1.000000 (10875 31.575307)
y_2_62: 1.000000 (10877 45.310043)
y_2_73: 1.000000 (10888 46.141088)
y_2_92: 1.000000 (10907 36.619667)
y_2_97: 1.000000 (10912 35.341194)
y_3_2: 1.000000 (10920 40.311289)
y_3_7: 1.000000 (10925 36.069378)
y_3_22: 1.000000 (10940 59.506302)
y_3_43: 1.000000 (10961 70.604532)
y_3_45: 1.000000 (10963 53.037722)
y_3_51: 1.000000 (10969 53.413481)
y_3_54: 1.000000 (10972 51.546096)
y_3_56: 1.000000 (10974 64.660653)
y_3_57: 1.000000 (10975 50.009999)
y_3_69: 1.000000 (10987 21.931712)
y_3_74: 1.000000 (10992 55.072679)
y_3_76: 1.000000 (10994 34.481879)
y_3_83: 1.000000 (11001 37.000000)
y_3_101: 1.000000 (11019 6.403124)
y_4_1: 1.000000 (11022 29.410882)
y_4_14: 1.000000 (11035 64.350602)
y_4_15: 1.000000 (11036 64.195015)
y_4_30: 1.000000 (11051 48.383882)
y_4_37: 1.000000 (11058 42.201896)
y_4_46: 1.000000 (11067 64.845971)
y_4_50: 1.000000 (11071 35.227830)
y_4_55: 1.000000 (11076 67.119297)
y_4_67: 1.000000 (11088 94.111636)
y_4_70: 1.000000 (11091 39.051248)
y_4_87: 1.000000 (11108 39.051248)
y_4_100: 1.000000 (11121 47.801674)