x_0_86: 1.000000 (86 17.000000)
x_1_69: 1.000000 (172 6.000000)
x_3_77: 1.000000 (386 4.000000)
x_4_55: 1.000000 (467 11.000000)
x_6_89: 1.000000 (707 6.000000)
x_7_82: 1.000000 (803 8.000000)
x_9_51: 1.000000 (978 8.000000)
x_10_62: 1.000000 (1092 8.000000)
x_11_63: 1.000000 (1196 11.000000)
x_12_80: 1.000000 (1316 8.000000)
x_13_95: 1.000000 (1434 6.000000)
x_14_38: 1.000000 (1480 15.000000)
x_16_61: 1.000000 (1709 6.000000)
x_18_7: 1.000000 (1861 10.000000)
x_19_11: 1.000000 (1968 10.000000)
x_20_66: 1.000000 (2126 12.000000)
x_21_40: 1.000000 (2203 10.000000)
x_22_74: 1.000000 (2340 4.000000)
x_24_54: 1.000000 (2526 14.000000)
x_25_39: 1.000000 (2614 13.000000)
x_26_12: 1.000000 (2690 10.000000)
x_27_101: 1.000000 (2882 5.000000)
x_29_24: 1.000000 (3011 8.000000)
x_30_20: 1.000000 (3110 10.000000)
x_31_70: 1.000000 (3263 10.000000)
x_32_90: 1.000000 (3386 6.000000)
x_33_81: 1.000000 (3480 4.000000)
x_34_78: 1.000000 (3580 7.000000)
x_35_71: 1.000000 (3676 9.000000)
x_36_49: 1.000000 (3757 12.000000)
x_37_98: 1.000000 (3909 2.000000)
x_38_102: 1.000000 (4016 5.000000)
x_39_56: 1.000000 (4073 7.000000)
x_40_58: 1.000000 (4178 5.000000)
x_47_36: 1.000000 (4877 10.000000)
x_48_47: 1.000000 (4991 9.000000)
x_49_64: 1.000000 (5111 18.000000)
x_50_1: 1.000000 (5151 8.000000)
x_51_33: 1.000000 (5286 10.000000)
x_53_26: 1.000000 (5485 9.000000)
x_54_4: 1.000000 (5566 11.000000)
x_55_25: 1.000000 (5690 5.000000)
x_56_75: 1.000000 (5843 5.000000)
x_58_13: 1.000000 (5987 7.000000)
x_59_99: 1.000000 (6176 3.000000)
x_60_83: 1.000000 (6263 6.000000)
x_61_85: 1.000000 (6368 6.000000)
x_62_88: 1.000000 (6474 8.000000)
x_63_32: 1.000000 (6521 8.000000)
x_64_19: 1.000000 (6611 17.000000)
x_65_35: 1.000000 (6730 13.000000)
x_66_65: 1.000000 (6863 17.000000)
x_68_29: 1.000000 (7033 11.000000)
x_69_27: 1.000000 (7134 9.000000)
x_70_30: 1.000000 (7240 7.000000)
x_71_9: 1.000000 (7322 10.000000)
x_72_73: 1.000000 (7489 4.000000)
x_73_21: 1.000000 (7540 4.000000)
x_74_72: 1.000000 (7694 4.000000)
x_75_22: 1.000000 (7747 5.000000)
x_76_50: 1.000000 (7878 7.000000)
x_77_76: 1.000000 (8007 5.000000)
x_78_79: 1.000000 (8113 8.000000)
x_79_3: 1.000000 (8140 5.000000)
x_80_68: 1.000000 (8308 2.000000)
x_81_34: 1.000000 (8377 11.000000)
x_82_48: 1.000000 (8494 7.000000)
x_83_18: 1.000000 (8567 9.000000)
x_85_93: 1.000000 (8848 4.000000)
x_86_16: 1.000000 (8874 8.000000)
x_88_31: 1.000000 (9095 5.000000)
x_89_60: 1.000000 (9227 10.000000)
x_90_10: 1.000000 (9280 8.000000)
x_91_14: 1.000000 (9387 9.000000)
x_92_37: 1.000000 (9513 4.000000)
x_93_59: 1.000000 (9638 3.000000)
x_94_6: 1.000000 (9688 4.000000)
x_95_97: 1.000000 (9882 3.000000)
x_96_94: 1.000000 (9982 4.000000)
x_97_92: 1.000000 (10083 4.000000)
x_98_100: 1.000000 (10194 4.000000)
x_99_96: 1.000000 (10293 3.000000)
x_100_91: 1.000000 (10391 4.000000)
x_101_53: 1.000000 (10456 6.000000)
y_0_2: 1.000000 (10611 71.693793)
y_0_5: 1.000000 (10614 59.933296)
y_0_8: 1.000000 (10617 81.584312)
y_0_15: 1.000000 (10624 56.142675)
y_0_17: 1.000000 (10626 54.332311)
y_0_23: 1.000000 (10632 106.075445)
y_0_28: 1.000000 (10637 103.479467)
y_0_41: 1.000000 (10650 80.399005)
y_0_42: 1.000000 (10651 47.539457)
y_0_43: 1.000000 (10652 42.000000)
y_0_44: 1.000000 (10653 28.425341)
y_0_45: 1.000000 (10654 70.455660)
y_0_46: 1.000000 (10655 90.000000)
y_0_52: 1.000000 (10661 94.339811)
y_0_57: 1.000000 (10666 62.641839)
y_0_67: 1.000000 (10676 130.061524)
y_0_84: 1.000000 (10693 58.821765)
y_0_87: 1.000000 (10696 60.033324)